SceenName:Boss
Boss_Hp:0
Boss_Change:1
Boss_Position:248.550003,396.506012
Boss_Scale:859.423279,649.512024
Player_Hp:3
Player_Position:214.735657,49.935074
Cam_Pos:0.000000,0.000000
